## htsjdk.samtools.metrics.StringHeader
# CollectInsertSizeMetrics HISTOGRAM_FILE=5.2_bwa_mem/insert_hist.pdf MINIMUM_PCT=0.5 INPUT=5.2_bwa_mem/SRR16569049_bwa_mem_chr22.sort.bam OUTPUT=5.2_bwa_mem/insert_metrics.txt VALIDATION_STRINGENCY=SILENT    DEVIATIONS=10.0 METRIC_ACCUMULATION_LEVEL=[ALL_READS] INCLUDE_DUPLICATES=false ASSUME_SORTED=true STOP_AFTER=0 VERBOSITY=INFO QUIET=false COMPRESSION_LEVEL=5 MAX_RECORDS_IN_RAM=500000 CREATE_INDEX=false CREATE_MD5_FILE=false USE_JDK_DEFLATER=false USE_JDK_INFLATER=false
## htsjdk.samtools.metrics.StringHeader
# Started on: Thu Sep 04 21:08:04 EDT 2025

## METRICS CLASS	picard.analysis.InsertSizeMetrics
MEDIAN_INSERT_SIZE	MODE_INSERT_SIZE	MEDIAN_ABSOLUTE_DEVIATION	MIN_INSERT_SIZE	MAX_INSERT_SIZE	MEAN_INSERT_SIZE	STANDARD_DEVIATION	READ_PAIRS	PAIR_ORIENTATION	WIDTH_OF_10_PERCENT	WIDTH_OF_20_PERCENT	WIDTH_OF_30_PERCENT	WIDTH_OF_40_PERCENT	WIDTH_OF_50_PERCENT	WIDTH_OF_60_PERCENT	WIDTH_OF_70_PERCENT	WIDTH_OF_80_PERCENT	WIDTH_OF_90_PERCENT	WIDTH_OF_95_PERCENT	WIDTH_OF_99_PERCENT	SAMPLE	LIBRARY	READ_GROUP
399	180	189	2	942411	392.291361	264.240795	419921	FR	59	121	195	283	379	457	529	611	733	1369	26717			

## HISTOGRAM	java.lang.Integer
insert_size	All_Reads.fr_count
2	135
3	140
4	145
5	167
6	155
7	154
8	173
9	155
10	151
11	147
12	174
13	172
14	184
15	176
16	177
17	175
18	201
19	337
20	334
21	336
22	323
23	422
24	509
25	474
26	696
27	694
28	460
29	345
30	344
31	340
32	341
33	317
34	288
35	313
36	342
37	327
38	402
39	419
40	367
41	358
42	342
43	396
44	413
45	428
46	423
47	490
48	427
49	407
50	465
51	435
52	420
53	494
54	542
55	526
56	710
57	505
58	552
59	545
60	564
61	593
62	603
63	669
64	711
65	870
66	636
67	585
68	631
69	546
70	663
71	667
72	652
73	571
74	658
75	639
76	575
77	648
78	580
79	634
80	614
81	659
82	662
83	674
84	615
85	612
86	699
87	766
88	671
89	762
90	672
91	721
92	746
93	717
94	710
95	726
96	732
97	768
98	773
99	796
100	700
101	802
102	793
103	812
104	823
105	1055
106	784
107	801
108	719
109	682
110	692
111	654
112	722
113	755
114	745
115	701
116	690
117	748
118	825
119	754
120	781
121	857
122	792
123	840
124	774
125	722
126	728
127	788
128	790
129	858
130	869
131	861
132	853
133	817
134	879
135	935
136	796
137	748
138	1452
139	822
140	794
141	820
142	771
143	708
144	680
145	659
146	734
147	652
148	576
149	560
150	918
151	918
152	872
153	986
154	927
155	857
156	904
157	921
158	872
159	821
160	983
161	956
162	949
163	946
164	821
165	838
166	778
167	829
168	896
169	893
170	966
171	828
172	864
173	923
174	808
175	749
176	806
177	791
178	779
179	783
180	1697
181	728
182	587
183	602
184	685
185	653
186	676
187	664
188	673
189	650
190	562
191	569
192	598
193	539
194	520
195	565
196	555
197	512
198	594
199	607
200	553
201	656
202	590
203	512
204	537
205	534
206	521
207	510
208	477
209	475
210	435
211	448
212	412
213	426
214	427
215	593
216	435
217	430
218	473
219	412
220	405
221	428
222	410
223	401
224	597
225	421
226	357
227	372
228	442
229	385
230	331
231	380
232	391
233	354
234	314
235	376
236	327
237	271
238	252
239	255
240	283
241	259
242	309
243	324
244	330
245	293
246	275
247	272
248	263
249	256
250	260
251	262
252	276
253	323
254	282
255	259
256	248
257	274
258	265
259	265
260	251
261	361
262	323
263	286
264	313
265	288
266	258
267	271
268	270
269	284
270	272
271	326
272	259
273	283
274	342
275	239
276	341
277	250
278	248
279	241
280	267
281	278
282	275
283	253
284	262
285	307
286	357
287	283
288	296
289	301
290	280
291	251
292	313
293	372
294	293
295	289
296	292
297	299
298	307
299	297
300	256
301	283
302	285
303	323
304	412
305	337
306	309
307	340
308	347
309	303
310	329
311	334
312	442
313	379
314	323
315	426
316	361
317	388
318	353
319	376
320	359
321	319
322	398
323	362
324	347
325	388
326	337
327	374
328	326
329	354
330	366
331	424
332	388
333	356
334	372
335	392
336	444
337	436
338	442
339	407
340	422
341	436
342	454
343	535
344	415
345	503
346	550
347	459
348	542
349	494
350	480
351	500
352	533
353	518
354	503
355	524
356	599
357	557
358	568
359	548
360	520
361	547
362	556
363	578
364	554
365	573
366	534
367	598
368	632
369	580
370	566
371	549
372	613
373	598
374	609
375	642
376	634
377	646
378	604
379	728
380	579
381	594
382	644
383	688
384	747
385	644
386	722
387	665
388	799
389	707
390	662
391	660
392	639
393	714
394	688
395	834
396	740
397	744
398	729
399	728
400	725
401	758
402	686
403	930
404	804
405	796
406	823
407	732
408	773
409	773
410	738
411	757
412	757
413	885
414	764
415	847
416	820
417	739
418	798
419	796
420	791
421	804
422	739
423	776
424	783
425	836
426	749
427	871
428	931
429	803
430	783
431	797
432	815
433	806
434	821
435	891
436	820
437	780
438	734
439	850
440	788
441	760
442	805
443	735
444	822
445	781
446	831
447	838
448	812
449	782
450	817
451	820
452	817
453	772
454	820
455	929
456	804
457	796
458	797
459	822
460	825
461	824
462	837
463	811
464	755
465	738
466	808
467	797
468	725
469	803
470	785
471	772
472	781
473	722
474	774
475	825
476	812
477	802
478	759
479	791
480	777
481	780
482	779
483	767
484	804
485	772
486	773
487	817
488	743
489	747
490	724
491	817
492	703
493	756
494	771
495	689
496	745
497	757
498	740
499	777
500	688
501	686
502	708
503	611
504	683
505	644
506	706
507	649
508	677
509	706
510	729
511	679
512	716
513	726
514	644
515	697
516	704
517	666
518	621
519	664
520	636
521	651
522	621
523	635
524	645
525	630
526	633
527	666
528	710
529	682
530	670
531	570
532	615
533	612
534	583
535	624
536	617
537	632
538	517
539	581
540	598
541	570
542	575
543	544
544	588
545	602
546	548
547	590
548	593
549	589
550	510
551	555
552	561
553	549
554	490
555	524
556	495
557	504
558	494
559	526
560	589
561	503
562	550
563	535
564	600
565	500
566	540
567	505
568	526
569	503
570	518
571	462
572	469
573	514
574	515
575	501
576	502
577	472
578	476
579	460
580	523
581	455
582	526
583	450
584	467
585	467
586	477
587	658
588	596
589	491
590	423
591	412
592	460
593	413
594	436
595	469
596	414
597	433
598	447
599	420
600	448
601	423
602	432
603	409
604	475
605	435
606	397
607	372
608	379
609	450
610	371
611	426
612	373
613	468
614	419
615	420
616	438
617	451
618	445
619	479
620	430
621	437
622	398
623	404
624	384
625	406
626	379
627	344
628	335
629	384
630	350
631	347
632	349
633	342
634	322
635	310
636	362
637	348
638	356
639	310
640	333
641	290
642	323
643	303
644	272
645	294
646	334
647	275
648	311
649	299
650	253
651	291
652	316
653	295
654	281
655	258
656	253
657	277
658	302
659	297
660	279
661	279
662	272
663	283
664	273
665	218
666	244
667	274
668	250
669	263
670	261
671	239
672	242
673	249
674	246
675	265
676	251
677	252
678	265
679	243
680	265
681	230
682	206
683	250
684	229
685	236
686	215
687	205
688	227
689	249
690	251
691	252
692	190
693	201
694	218
695	215
696	179
697	196
698	200
699	169
700	188
701	198
702	183
703	179
704	178
705	169
706	185
707	194
708	177
709	193
710	169
711	182
712	175
713	147
714	154
715	176
716	164
717	159
718	143
719	164
720	154
721	145
722	145
723	143
724	165
725	136
726	156
727	152
728	181
729	131
730	108
731	118
732	125
733	111
734	109
735	131
736	117
737	153
738	112
739	125
740	122
741	138
742	110
743	103
744	134
745	123
746	160
747	106
748	134
749	101
750	96
751	104
752	121
753	103
754	100
755	100
756	125
757	120
758	94
759	96
760	103
761	82
762	111
763	103
764	98
765	89
766	92
767	96
768	77
769	101
770	108
771	126
772	87
773	106
774	99
775	103
776	105
777	102
778	117
779	108
780	97
781	73
782	80
783	76
784	74
785	66
786	82
787	59
788	64
789	69
790	76
791	92
792	68
793	57
794	58
795	64
796	69
797	57
798	87
799	52
800	63
801	52
802	72
803	52
804	61
805	71
806	57
807	68
808	60
809	51
810	66
811	56
812	65
813	65
814	51
815	62
816	58
817	68
818	54
819	77
820	59
821	65
822	47
823	56
824	49
825	59
826	48
827	61
828	50
829	63
830	59
831	65
832	59
833	57
834	48
835	52
836	53
837	63
838	49
839	58
840	52
841	56
842	75
843	54
844	39
845	50
846	51
847	39
848	50
849	51
850	70
851	42
852	38
853	41
854	29
855	43
856	46
857	56
858	46
859	32
860	41
861	44
862	36
863	32
864	31
865	31
866	34
867	44
868	46
869	34
870	43
871	28
872	51
873	36
874	30
875	52
876	40
877	34
878	31
879	33
880	26
881	32
882	41
883	18
884	36
885	34
886	19
887	24
888	39
889	30
890	36
891	42
892	38
893	26
894	35
895	37
896	37
897	46
898	29
899	30
900	31
901	37
902	21
903	23
904	31
905	16
906	29
907	28
908	35
909	33
910	21
911	30
912	38
913	26
914	27
915	32
916	34
917	33
918	30
919	24
920	15
921	18
922	27
923	24
924	20
925	44
926	20
927	18
928	30
929	19
930	23
931	15
932	25
933	35
934	26
935	23
936	35
937	17
938	36
939	21
940	10
941	18
942	17
943	25
944	21
945	17
946	18
947	21
948	26
949	22
950	13
951	23
952	28
953	21
954	22
955	20
956	22
957	21
958	22
959	14
960	18
961	31
962	20
963	26
964	31
965	16
966	25
967	23
968	16
969	16
970	17
971	28
972	28
973	21
974	23
975	36
976	18
977	18
978	27
979	16
980	24
981	17
982	22
983	18
984	20
985	11
986	14
987	8
988	9
989	25
990	19
991	11
992	14
993	12
994	17
995	19
996	17
997	18
998	8
999	11
1000	26
1001	29
1002	20
1003	19
1004	19
1005	23
1006	11
1007	32
1008	20
1009	27
1010	18
1011	17
1012	22
1013	32
1014	17
1015	23
1016	24
1017	28
1018	19
1019	32
1020	24
1021	30
1022	14
1023	31
1024	34
1025	25
1026	15
1027	20
1028	20
1029	22
1030	24
1031	34
1032	26
1033	29
1034	35
1035	23
1036	23
1037	23
1038	22
1039	21
1040	30
1041	41
1042	11
1043	24
1044	34
1045	23
1046	41
1047	27
1048	25
1049	23
1050	25
1051	47
1052	21
1053	46
1054	18
1055	28
1056	29
1057	35
1058	23
1059	27
1060	26
1061	27
1062	29
1063	46
1064	33
1065	39
1066	47
1067	31
1068	25
1069	31
1070	42
1071	29
1072	44
1073	38
1074	45
1075	34
1076	38
1077	46
1078	29
1079	34
1080	34
1081	33
1082	41
1083	23
1084	31
1085	50
1086	64
1087	49
1088	43
1089	29
1090	40
1091	51
1092	34
1093	37
1094	30
1095	31
1096	39
1097	45
1098	36
1099	43
1100	36
1101	53
1102	56
1103	43
1104	36
1105	60
1106	52
1107	59
1108	36
1109	48
1110	38
1111	63
1112	50
1113	54
1114	64
1115	56
1116	46
1117	45
1118	50
1119	33
1120	53
1121	50
1122	47
1123	55
1124	56
1125	52
1126	68
1127	61
1128	68
1129	53
1130	55
1131	48
1132	69
1133	61
1134	62
1135	70
1136	54
1137	38
1138	43
1139	64
1140	54
1141	66
1142	63
1143	40
1144	48
1145	62
1146	58
1147	55
1148	57
1149	51
1150	65
1151	73
1152	68
1153	40
1154	70
1155	55
1156	48
1157	80
1158	59
1159	82
1160	61
1161	50
1162	45
1163	73
1164	54
1165	61
1166	75
1167	70
1168	49
1169	56
1170	61
1171	50
1172	53
1173	51
1174	48
1175	51
1176	56
1177	72
1178	54
1179	59
1180	57
1181	54
1182	67
1183	52
1184	58
1185	55
1186	53
1187	75
1188	50
1189	44
1190	58
1191	64
1192	53
1193	50
1194	46
1195	70
1196	64
1197	44
1198	61
1199	64
1200	46
1201	74
1202	54
1203	64
1204	85
1205	52
1206	63
1207	77
1208	74
1209	60
1210	47
1211	65
1212	74
1213	52
1214	53
1215	61
1216	57
1217	60
1218	60
1219	52
1220	80
1221	35
1222	66
1223	61
1224	59
1225	60
1226	78
1227	57
1228	64
1229	78
1230	55
1231	45
1232	49
1233	55
1234	57
1235	54
1236	37
1237	51
1238	49
1239	53
1240	51
1241	43
1242	41
1243	52
1244	48
1245	60
1246	38
1247	46
1248	42
1249	40
1250	31
1251	42
1252	39
1253	50
1254	48
1255	36
1256	44
1257	43
1258	33
1259	50
1260	45
1261	61
1262	52
1263	38
1264	44
1265	50
1266	33
1267	46
1268	44
1269	44
1270	47
1271	51
1272	39
1273	36
1274	29
1275	32
1276	42
1277	37
1278	48
1279	42
1280	44
1281	44
1282	46
1283	44
1284	41
1285	29
1286	26
1287	33
1288	41
1289	28
1290	30
1291	42
1292	27
1293	25
1294	41
1295	31
1296	29
1297	29
1298	38
1299	31
1300	30
1301	27
1302	15
1303	25
1304	25
1305	25
1306	37
1307	26
1308	22
1309	30
1310	19
1311	24
1312	23
1313	20
1314	15
1315	27
1316	23
1317	20
1318	26
1319	15
1320	21
1321	23
1322	13
1323	20
1324	12
1325	21
1326	25
1327	18
1328	18
1329	18
1330	18
1331	23
1332	18
1333	13
1334	13
1335	24
1336	20
1337	23
1338	19
1339	19
1340	17
1341	22
1342	15
1343	11
1344	7
1345	15
1346	20
1347	16
1348	15
1349	23
1350	11
1351	18
1352	14
1353	17
1354	12
1355	12
1356	14
1357	9
1358	16
1359	18
1360	19
1361	6
1362	16
1363	18
1364	22
1365	17
1366	14
1367	14
1368	9
1369	13
1370	8
1371	13
1372	17
1373	14
1374	16
1375	5
1376	16
1377	17
1378	15
1379	12
1380	13
1381	12
1382	19
1383	12
1384	10
1385	15
1386	20
1387	15
1388	7
1389	7
1390	6
1391	8
1392	7
1393	6
1394	7
1395	7
1396	7
1397	7
1398	11
1399	7
1400	6
1401	5
1402	2
1403	11
1404	12
1405	4
1406	6
1407	4
1408	5
1409	3
1410	12
1411	2
1412	10
1413	3
1414	3
1415	3
1416	3
1417	11
1418	5
1419	4
1420	2
1421	7
1422	5
1423	3
1424	3
1425	3
1426	5
1427	1
1428	1
1429	2
1430	8
1431	9
1432	1
1433	4
1434	2
1436	1
1437	3
1439	2
1440	2
1441	4
1442	2
1443	1
1444	2
1445	3
1446	2
1447	2
1448	1
1450	3
1451	2
1452	4
1453	4
1455	2
1457	1
1458	2
1459	2
1460	2
1461	4
1462	6
1463	1
1464	4
1465	2
1466	2
1467	2
1468	2
1470	1
1471	4
1472	6
1473	2
1474	2
1475	1
1477	1
1478	1
1480	5
1483	1
1484	6
1486	1
1487	2
1488	4
1489	1
1491	2
1492	1
1493	1
1494	4
1496	3
1498	2
1499	4
1500	1
1502	4
1503	2
1505	5
1506	6
1507	2
1508	4
1509	3
1510	4
1511	1
1513	5
1518	1
1519	2
1522	1
1523	2
1525	1
1528	1
1529	1
1530	1
1531	2
1532	2
1533	4
1534	1
1535	2
1536	1
1537	1
1538	2
1539	1
1540	1
1541	2
1543	1
1544	2
1545	1
1547	3
1548	4
1549	1
1551	1
1552	1
1553	4
1554	8
1556	2
1557	4
1558	4
1559	3
1560	10
1561	1
1562	4
1563	3
1564	5
1565	2
1566	1
1567	9
1568	17
1569	6
1570	3
1571	7
1572	1
1573	1
1574	5
1575	3
1576	2
1577	7
1578	12
1579	2
1580	2
1581	11
1582	2
1583	1
1584	1
1585	5
1586	5
1587	8
1588	7
1589	1
1590	3
1591	10
1592	13
1593	3
1594	5
1595	2
1597	2
1598	5
1599	1
1600	1
1601	4
1602	4
1603	5
1605	2
1606	2
1607	1
1608	1
1609	2
1610	1
1612	1
1613	4
1614	6
1615	12
1619	1
1620	3
1621	1
1622	3
1623	1
1625	1
1626	2
1628	2
1629	2
1630	1
1631	1
1633	1
1634	2
1637	1
1642	1
1643	1
1645	1
1646	1
1650	3
1656	2
1662	1
1670	2
1674	3
1677	1
1678	1
1685	2
1686	1
1687	2
1689	1
1690	1
1695	2
1697	1
1699	1
1700	1
1705	2
1712	2
1713	1
1718	2
1724	1
1727	2
1728	1
1730	2
1734	1
1736	1
1737	1
1738	2
1739	1
1741	2
1743	1
1747	1
1748	1
1749	1
1750	2
1753	1
1754	1
1755	2
1758	2
1760	2
1761	1
1762	2
1763	2
1765	1
1766	1
1769	4
1772	4
1773	1
1774	2
1777	3
1780	2
1782	2
1784	2
1786	2
1787	2
1789	3
1790	1
1792	1
1793	1
1794	1
1795	2
1796	3
1798	1
1800	2
1802	1
1804	1
1805	3
1806	1
1808	1
1809	2
1810	3
1812	1
1814	3
1815	2
1816	2
1817	1
1821	2
1822	2
1823	4
1824	1
1828	2
1829	3
1831	2
1833	1
1834	3
1838	1
1841	2
1844	1
1846	2
1847	1
1849	1
1850	3
1851	1
1854	1
1855	1
1856	1
1860	1
1861	1
1864	2
1865	1
1867	2
1868	2
1870	1
1871	1
1875	1
1876	1
1878	1
1880	1
1882	1
1883	1
1885	1
1892	2
1895	1
1896	1
1901	1
1903	1
1905	2
1909	1
1910	1
1911	1
1912	5
1915	1
1916	1
1920	1
1924	1
1929	1
1932	1
1936	1
1939	1
1942	1
1946	1
1947	2
1950	3
1953	1
1959	2
1960	1
1964	1
1967	1
1970	1
1972	2
1976	1
1977	2
1979	1
1980	1
1983	1
1986	2
1987	1
1988	1
1990	2
1991	2
1992	1
1994	2
2009	3
2014	1
2019	1
2021	1
2028	1
2030	2
2031	1
2032	2
2038	1
2045	1
2046	1
2048	2
2050	1
2055	1
2058	1
2060	1
2061	1
2077	1
2078	1
2093	1
2095	1
2100	1
2106	1
2112	1
2113	1
2117	1
2130	1
2134	1
2168	2
2176	1
2196	1
2199	2
2201	1
2203	2
2209	1
2210	1
2212	1
2217	2
2223	1
2225	1
2226	1
2227	1
2228	1
2230	1
2232	2
2233	1
2234	2
2235	1
2236	1
2239	1
2240	1
2242	2
2243	1
2247	1
2248	2
2249	1
2250	2
2251	2
2252	2
2253	2
2254	1
2255	1
2256	2
2257	1
2258	2
2259	3
2262	2
2266	2
2271	2
2272	1
2275	2
2276	3
2279	1
2281	3
2283	1
2286	1
2287	1
2288	1
2289	2

